Clippers
0.35249
82
0.47449
0.73029
858.0
2668.0
3526.0
2016.0
1092.0
703.0
397.0
1767.0
8850.0

Rockets
0.35737
82
0.47195
0.71176
918.0
2792.0
3710.0
1754.0
1264.0
621.0
461.0
1674.0
8814.0

Trail Blazers
0.3718
82
0.44954
0.81464
1022.0
2786.0
3808.0
1904.0
1094.0
454.0
387.0
1576.0
8753.0

Timberwolves
0.34151
82
0.44449
0.77856
1023.0
2643.0
3666.0
1961.0
1104.0
713.0
296.0
1495.0
8744.0

Thunder
0.36061
82
0.47099
0.80585
887.0
2779.0
3666.0
1793.0
1216.0
677.0
501.0
1853.0
8693.0

Suns
0.37226
82
0.4634
0.75848
928.0
2601.0
3529.0
1563.0
1216.0
688.0
374.0
1798.0
8629.0

Spurs
0.39692
82
0.48611
0.78484
761.0
2778.0
3539.0
2063.0
1152.0
604.0
419.0
1491.0
8629.0

Mavericks
0.38412
82
0.47375
0.79515
840.0
2514.0
3354.0
1935.0
1082.0
704.0
356.0
1636.0
8597.0

Nuggets
0.35835
82
0.44689
0.72563
1009.0
2717.0
3726.0
1838.0
1260.0
615.0
459.0
1890.0
8559.0

Warriors
0.37997
82
0.46196
0.75274
896.0
2819.0
3715.0
1912.0
1225.0
642.0
407.0
1784.0
8549.0

Lakers
0.38091
82
0.44971
0.75749
745.0
2620.0
3365.0
2006.0
1213.0
611.0
446.0
1627.0
8442.0

Heat
0.36423
82
0.5016
0.75932
623.0
2394.0
3017.0
1843.0
1163.0
731.0
367.0
1591.0
8366.0

Pistons
0.32089
82
0.44666
0.6703
1196.0
2525.0
3721.0
1714.0
1143.0
687.0
395.0
1666.0
8286.0

Raptors
0.37212
82
0.44581
0.78389
932.0
2542.0
3474.0
1736.0
1093.0
573.0
342.0
1871.0
8270.0

Hawks
0.36239
82
0.45753
0.7809
711.0
2563.0
3274.0
2037.0
1188.0
680.0
326.0
1576.0
8263.0

Kings
0.33288
82
0.44724
0.75905
990.0
2656.0
3646.0
1547.0
1203.0
587.0
318.0
1849.0
8241.0

Wizards
0.38059
82
0.45954
0.73036
885.0
2563.0
3448.0
1903.0
1151.0
666.0
374.0
1664.0
8231.0

Pelicans
0.37259
82
0.45848
0.76927
931.0
2481.0
3412.0
1740.0
1062.0
644.0
522.0
1850.0
8155.0

76ers
0.31236
82
0.43462
0.7113
946.0
2545.0
3491.0
1787.0
1342.0
765.0
330.0
1838.0
8138.0

Nets
0.36856
82
0.45826
0.75325
720.0
2403.0
3123.0
1711.0
1143.0
705.0
309.0
1776.0
8068.0

Knicks
0.3721
82
0.4493
0.76053
870.0
2430.0
3300.0
1639.0
1015.0
631.0
367.0
1808.0
8063.0

Cavaliers
0.35557
82
0.43621
0.75135
988.0
2625.0
3613.0
1736.0
1105.0
577.0
303.0
1636.0
8026.0

Hornets
0.35078
82
0.4422
0.737
776.0
2724.0
3500.0
1778.0
954.0
499.0
421.0
1493.0
7942.0

Pacers
0.35668
82
0.44865
0.77871
834.0
2831.0
3665.0
1651.0
1185.0
550.0
446.0
1675.0
7933.0

Celtics
0.33256
82
0.43528
0.77667
980.0
2505.0
3485.0
1726.0
1182.0
584.0
343.0
1743.0
7892.0

Grizzlies
0.3531
82
0.46438
0.7413
950.0
2526.0
3476.0
1792.0
1060.0
631.0
375.0
1568.0
7884.0

Magic
0.3538
82
0.44598
0.76246
790.0
2639.0
3429.0
1717.0
1162.0
627.0
348.0
1663.0
7877.0

Bucks
0.35309
82
0.4384
0.74755
970.0
2399.0
3369.0
1759.0
1172.0
540.0
403.0
1709.0
7822.0

Jazz
0.34391
82
0.44327
0.74569
903.0
2474.0
3377.0
1661.0
1141.0
570.0
365.0
1695.0
7774.0

Bulls
0.34897
82
0.4323
0.77895
933.0
2671.0
3604.0
1851.0
1144.0
592.0
421.0
1556.0
7644.0

